<div class="preloader" aria-hidden="true">
		<div class="preloader__logo">
			<svg class="preloader__mark" version="1.0" xmlns="http://www.w3.org/2000/svg" width="1144" height="457" viewBox="0 0 11.000000 1145.000000"
 preserveAspectRatio="xMidYMid meet">
<g transform="translate(0.000000,1145.000000) scale(0.100000,-0.100000)"
fill="#000000" stroke="none">
<path d="M6748 11132 c-73 -81 -200 -222 -283 -312 -82 -90 -226 -250 -319
-354 -472 -534 -483 -546 -572 -621 -108 -91 -181 -153 -270 -230 -45 -38
-114 -97 -155 -130 -88 -73 -85 -70 -163 -175 -131 -180 -275 -368 -285 -375
-12 -7 -129 33 -187 64 -21 12 -42 21 -47 21 -4 0 -67 27 -139 60 -71 33 -135
60 -140 60 -6 0 -56 -35 -111 -78 -56 -43 -122 -92 -147 -110 -250 -175 -249
-174 -436 -407 -97 -121 -195 -244 -218 -273 -46 -58 -62 -65 -311 -132 -66
-18 -140 -38 -164 -45 -46 -12 -77 -44 -413 -415 -73 -80 -168 -184 -212 -231
-77 -81 -136 -146 -307 -337 -183 -205 -191 -214 -180 -225 12 -12 -7 -25 246
168 108 83 231 175 274 205 43 30 149 109 236 175 154 117 459 326 546 374 36
19 10 -10 -128 -153 -95 -97 -173 -181 -173 -186 0 -14 -6 -17 510 225 74 35
184 85 243 112 l109 49 69 124 c38 69 85 157 104 195 32 66 37 71 86 88 56 20
54 21 85 -37 l16 -28 25 23 c14 13 44 49 67 79 23 30 67 87 98 126 l57 70 31
197 c16 108 30 201 30 207 0 7 6 8 18 1 11 -6 63 -26 118 -45 54 -19 135 -49
179 -67 44 -18 81 -34 82 -34 3 -1 -36 -145 -69 -256 l-23 -76 -130 -97 c-71
-53 -155 -116 -185 -139 -30 -24 -91 -70 -135 -102 -66 -48 -89 -72 -125 -132
-25 -41 -68 -112 -97 -158 -43 -71 -303 -379 -357 -424 -18 -15 -21 -31 -7
-31 5 0 83 39 173 86 89 48 236 125 325 171 l162 84 89 172 c186 357 145 305
321 400 l98 54 22 -43 c11 -24 24 -44 29 -44 7 0 119 184 133 220 4 9 24 99
44 201 34 168 41 190 81 257 24 40 44 75 44 78 0 2 17 33 38 67 64 102 132
223 132 233 0 5 39 38 87 74 94 71 137 104 230 177 34 26 133 103 220 170 87
67 203 159 258 203 134 108 148 115 100 49 -22 -30 -62 -88 -90 -129 -29 -41
-90 -129 -136 -195 -47 -66 -122 -175 -167 -242 -45 -68 -91 -136 -103 -153
-13 -16 -20 -32 -18 -35 8 -7 120 39 184 75 l55 31 -14 -38 c-23 -62 -93 -226
-110 -258 -9 -16 -16 -34 -16 -39 0 -7 -27 -68 -101 -234 -43 -95 -49 -87 129
-181 87 -46 166 -89 175 -96 15 -11 13 -24 -31 -152 -51 -150 -41 -134 -259
-428 -140 -189 -323 -449 -323 -460 0 -3 5 -5 11 -5 11 0 26 11 127 90 31 25
98 74 147 110 50 35 146 107 215 159 l125 94 99 -9 100 -9 115 80 c64 45 148
104 187 133 39 29 76 52 82 52 16 0 365 -250 859 -617 62 -45 114 -79 117 -75
5 8 -26 117 -103 362 -158 499 -165 528 -207 884 -8 69 -27 69 176 -6 205 -76
233 -91 273 -139 59 -72 159 -201 207 -265 41 -56 53 -65 160 -117 131 -64
344 -161 378 -171 50 -16 12 28 -109 125 -130 105 -284 243 -319 284 -19 23
-60 77 -90 119 -97 135 -155 209 -170 217 -24 14 -264 113 -411 171 l-136 53
-144 154 c-260 278 -270 290 -260 309 40 77 151 314 156 334 5 18 -24 88 -119
287 -69 145 -126 267 -126 271 0 13 132 307 255 565 l56 119 89 -94 c49 -52
113 -125 142 -162 29 -37 56 -67 60 -68 4 0 60 -32 125 -71 65 -40 142 -85
170 -101 42 -23 61 -44 93 -96 23 -37 90 -143 149 -237 l109 -170 169 -29 169
-29 39 -76 c22 -42 59 -110 82 -152 23 -41 80 -152 128 -245 l87 -169 124
-125 c109 -110 124 -129 124 -159 0 -18 17 -70 38 -115 21 -44 47 -102 58
-128 l19 -48 55 1 c30 0 97 4 147 7 80 6 92 5 89 -8 -3 -8 -14 -49 -25 -90
-11 -41 -36 -122 -56 -179 -19 -58 -35 -112 -35 -120 0 -8 26 -42 58 -75 127
-136 363 -415 420 -498 40 -58 59 -71 202 -144 63 -32 152 -80 198 -106 131
-75 132 -68 19 85 -46 62 -143 195 -215 297 -73 102 -146 203 -163 226 -26 35
-32 56 -45 150 -9 63 -33 166 -58 244 -68 214 -76 207 79 78 134 -112 137
-114 192 -218 31 -58 66 -124 77 -147 19 -39 30 -47 156 -107 109 -53 151 -79
215 -137 109 -97 225 -199 331 -291 49 -42 145 -126 213 -185 137 -120 202
-172 214 -173 18 0 1 30 -85 143 -159 212 -606 770 -785 981 l-83 97 6 107 c2
59 7 135 10 169 l5 62 92 -96 c100 -103 101 -106 125 -277 l7 -49 150 -102
c83 -57 177 -120 210 -140 37 -22 95 -74 150 -135 l90 -98 86 -1 c96 -1 92 1
239 -135 36 -34 120 -108 185 -166 66 -58 152 -134 191 -170 268 -247 506
-450 516 -444 23 14 -3 54 -118 185 -70 79 -156 176 -193 215 -36 38 -111 121
-166 184 -55 62 -176 197 -269 299 -144 159 -176 190 -225 212 -31 14 -86 40
-124 58 -37 17 -70 31 -72 31 -3 0 -22 10 -43 23 -20 13 -67 35 -103 50 -63
27 -71 35 -205 194 -133 158 -262 309 -386 452 -32 36 -79 92 -105 123 -26 31
-53 57 -59 57 -6 1 -156 -48 -333 -108 l-322 -109 -117 82 c-479 336 -514 363
-556 441 -18 33 -80 146 -139 252 -59 105 -107 195 -107 199 0 4 -23 49 -52
100 -45 79 -56 93 -82 98 -92 16 -340 76 -346 83 -9 10 -162 226 -228 321 -47
68 -62 80 -238 198 -103 69 -195 135 -203 147 -8 12 -47 60 -87 107 -40 47
-118 140 -173 208 -56 67 -106 122 -110 122 -5 0 -69 -67 -143 -148z M6950
10575 c0 -2 32 -100 71 -217 52 -158 76 -246 91 -347 l22 -135 115 -126 c64
-70 148 -162 187 -206 71 -80 225 -255 231 -263 30 -39 -58 205 -170 472 -17
41 -47 81 -101 136 -42 43 -76 83 -76 87 0 5 -11 74 -25 153 l-25 145 -128
130 c-155 159 -192 192 -192 171z M8656 7294 c-377 -46 -768 -159 -1076 -313
-158 -79 -350 -199 -499 -314 -125 -95 -408 -375 -470 -464 -24 -35 -47 -63
-50 -63 -3 0 -19 24 -34 54 -131 251 -379 506 -666 685 -285 179 -691 316
-1088 367 -158 21 -567 24 -733 6 -286 -31 -581 -107 -855 -219 -648 -267
-1117 -784 -1254 -1383 -51 -224 -54 -511 -8 -715 155 -680 762 -1185 1672
-1390 256 -57 331 -70 810 -131 320 -41 557 -141 656 -277 225 -308 86 -671
-311 -817 -127 -47 -220 -62 -375 -62 -377 0 -713 168 -908 454 -37 55 -22 56
-197 -14 -344 -137 -435 -173 -555 -220 -71 -28 -157 -61 -190 -74 -110 -42
-357 -143 -362 -148 -3 -3 17 -35 43 -73 179 -251 395 -468 621 -620 146 -99
271 -170 405 -230 108 -48 321 -123 348 -123 9 0 31 32 54 80 108 218 287 361
534 427 88 23 110 25 232 21 119 -4 147 -9 232 -38 119 -40 227 -101 307 -176
66 -61 156 -188 191 -269 12 -27 23 -51 24 -53 8 -8 151 33 257 72 373 141
696 369 889 631 41 55 150 230 150 240 0 3 16 39 35 80 38 80 73 190 102 322
14 60 18 124 18 278 0 172 -3 215 -24 310 -65 307 -192 558 -390 773 -177 192
-393 342 -678 470 -206 93 -464 164 -803 221 -438 74 -538 95 -705 150 -203
66 -358 154 -463 265 -109 115 -152 222 -152 375 0 343 333 638 808 716 126
21 397 16 537 -9 295 -54 665 -219 945 -420 157 -112 387 -321 509 -461 322
-370 518 -710 681 -1180 43 -126 90 -305 119 -455 73 -382 56 -861 -45 -1222
-29 -106 -78 -252 -104 -313 l-19 -45 32 -23 c18 -13 46 -32 64 -43 17 -10 80
-49 140 -85 543 -333 1158 -509 1773 -509 450 0 817 71 1265 243 272 105 581
283 834 481 197 153 496 464 608 633 16 23 46 67 69 100 54 76 88 143 77 153
-9 9 -221 76 -348 110 -44 12 -116 32 -160 45 -234 69 -441 130 -525 155 -52
16 -137 41 -188 56 l-93 28 -17 -25 c-39 -57 -182 -207 -266 -281 -203 -177
-475 -328 -731 -407 -187 -57 -247 -65 -490 -65 -260 -1 -352 12 -547 80 -405
140 -721 387 -973 759 -65 96 -195 343 -195 371 0 12 375 14 2402 16 l2402 3
12 50 c41 158 63 521 45 741 -10 134 -50 393 -72 479 -57 219 -130 408 -245
635 -283 561 -747 1018 -1319 1300 -320 158 -647 251 -1030 295 -160 18 -535
18 -689 -1z m599 -1119 c120 -19 314 -70 389 -102 34 -14 113 -52 176 -84 391
-201 714 -570 853 -976 l25 -73 -412 -1 c-1165 -1 -3161 2 -3164 6 -2 2 14 43
36 91 157 338 413 632 731 838 177 114 438 226 631 270 59 14 208 38 300 50
66 8 345 -4 435 -19z M4235 1565 c-86 -19 -139 -40 -206 -81 -271 -164 -392
-497 -288 -793 63 -182 214 -332 409 -407 71 -27 83 -29 220 -28 139 0 149 2
234 33 151 57 284 175 360 320 55 106 70 170 70 301 0 178 -46 304 -158 435
-66 78 -76 86 -169 141 -145 86 -313 114 -472 79z"/>
<path d="M0,0 L100,0 L100,0.01 Q50,0.01 0,0.01 Z"></path>
</g>		
</svg>

		</div>
		<span class="preloader__counter">0</span>
		<svg class="preloader__curve" viewBox="0 0 100 10" preserveAspectRatio="none" aria-hidden="true" focusable="false">
			<path d="M0,0 L100,0 L100,0.01 Q50,0.01 0,0.01 Z"></path>
		</svg>
	</div>
